111111111111111111111111111111111
101010101010101000001000100010001
101010101010101010101010101010101
100000000000000010100010001000101
101010101010101010101010101110101
101010101010101000001000100000101
101111101010101010111111111010101
101000100010001010000010000010101
101010111111111110101111101011101
101010001000000010100010001010001
101011101011101110101010101010111
101000100010000010001000100010001
101010101110101111111111111111101
101010101000101000000010001000101
101010101011111011101010101010101
101010001000001000101000100010101
101010101110111000101111111110101
101010101000001000100000001000101
101010111011101011101111101011101
101010101000001000001000001000101
101010101110111111111011111110101
101010100000100010001000000010101
101010101111101010101110111010101
101010100010001010100000100010101
101010101010101010111111101010101
101010101000101000100010001010101
101010111111111111101010101010101
101010101000100010101000100010101
101010101010101010101110101110101
101010100010001000000010001000101
101010101010101010101010111011101
100010001000100010101000001000001
111111111111111111111111111111111
