111111111111111111111111111111111
101010100000101000000010000000001
101110101110101010101110101010111
100000100010000010101010101010101
101010101010111011101010101010101
101010001000001000001000001010101
101011111110101111101011101010101
101000001000101000000010001000101
101011111110101110111011101011101
100010000010100000101010001010001
101110111110111111101011101111101
100000001000100000001010100000101
101111111011111011101010111010101
100000001010000010001000100010101
101011111011101110101011101011101
101010000010101000101000001000001
101010101110101010101111111011111
101010100000101000100010000000001
101110101010101111101110101111101
101000101010101000001000101000001
101011101111101011111011101011101
101000000000000000000010001010001
101110111011111011111010111011101
101000001010001000101010100000101
101011101010101110101010101111101
101000001000100010000010001000001
101011101110111011101110111011101
101000000010000000000000000000101
101110111010101110101110111010101
100000100000100010100000001010101
111010111010101011111111101110101
100010000010001000000000000000101
111111111111111111111111111111111
