111111111111111111111111111111111
101000000000000010000000000000001
101011111111111010111111111111101
101000000000000010000000000000101
101111101110111110111110111110101
100000000000100000000000100000001
111111111011111011111111111011101
100010001000100000100000000000101
101010101110111110111011111111101
101000100010100000001000000000101
101010101010111011101111111010101
101010101000100000000010000010001
101011101110101111111010101110101
101010100000100000000010101000101
101010111111101110111110101010111
101010000000101000100010100010101
101010101010101010101010101010101
101010101010101000101010001010101
101010101010101111101010111110101
101010101010101000000010000010101
101110101010101011111011111011101
100010000010101000000000001000101
101010101010101011111010101010101
101010101010100000000010101010001
101010101010111111111110101010101
101010001010000000000000001010101
101010111111111111111111111010101
101010000000000000000000000010101
101010111111111111111011111110101
100010000000000000000010000000001
101111111111111111111111101110111
100000000000000000000000000000001
111111111111111111111111111111111
