111111111111111111111111111111111
101000100000000000100000000000001
101111101111111111111111111011101
100000000000000000000000000010101
101111111111111111111111111111101
101000000010100000100000000000001
101111111110111111101111111111111
101000000000000000001000000000001
101011111111111110101111111111101
101010000000000010101000000000101
101011111111111110101111111111101
101000000000000000100000000000001
101111111011111111111110111011101
100000001010000000001010101010101
101111101011111110101010101010101
101000101000001000101010101010101
111111101111101010101010101010101
100000000000101000101010101010101
101111111111101111101010101011101
101000000000000000000010101000101
101011111111111111111010101010101
101010000010000000001010101010101
101011111010111111101010101010101
101010001010100000101010101010101
101010101010111111101011111010111
101010001010000000001000000010001
101011111011111111111111111011101
101000000000000000000000001010101
101111111111111111101111101010101
100000000000100000101010101010101
111111111110111111101011101111101
100000000000000000001000000000001
111111111111111111111111111111111
