111111111111111111111111111111111
101000000000100000000000000000001
101110111011101110111111111111101
101010101010101010100000000000101
101010101011101110101110111110101
101010100000000000001010100010101
101010101111111111111110101010101
101010101010000000000000101010101
101110101110111111111110101010101
100000100000000000000000101000101
101111101111111111111111101011101
101010101000000000000000001010001
101110101011111111111111101010101
100000101010100000000000001010101
111110101011101111111111101010101
101010101000001000000000101010101
101110101011111010111110111010101
100000101010000000100010000010101
101011101010111111111010111110101
101010001010100000001010100000101
101010111010101111101010111111101
101010101000101000101010000000001
101010101010101111101010111011101
101010101010100000001010101010101
101010101010111111111011111010101
101000101010000010100000000010101
101111101110111111111111111011101
100000000010000000000000000000001
101111111011111110111011111111101
101010000000001010101010000000101
101110111111101110111011111111101
100000000000100000000000000000001
111111111111111111111111111111111
