111111111111111111111111111111111
101000000000000010000000100000001
101011111111111011101010101010101
101000000000101000001010101010101
101110101010101011101010111010101
101010101010101000001010000010101
101010101010101011111110111111101
101010101010101000000000000000101
101010101010101011111110111110101
101000101010101000000000000000101
101010101010101011111110111110101
101010100000001000000000000000101
101010101010101011111110111110101
101010101010101000000000000000101
101010101010101111111111111111101
101010101010101000100000000000001
101110101010101010111111111110101
100000001010101000000000000000101
101110101010101111111111111111101
101010101010101000000000000000101
101010101010101011111110111110101
101010100000001000000000000000101
101010101010101011111110111110101
101000101010101000000000000000101
101010101010101011111110111110101
101010101010101000000000000000101
101010101010101011111110111111101
101010101010101000001010000010101
101110101010101011101010111010101
101000000000101000001010101010101
101011111111111011101010101010101
101000000000000010000000100000001
111111111111111111111111111111111
