111111111111111111111111111111111
101000000000000000000000000000001
101011111011111111111111111111101
101010000000000010000000000000001
101011111111111110111111111110101
100010000000000000000000001010101
101110111111111111111111111010101
100010100000000000000000001010101
101010101111111110111111101010101
101010101000000000000000101010001
101010101111111111111110101010101
101010101010100000000010101010101
101010101010111110111010101010101
101010101010100000001010101000101
101010101010111111101010101010101
101010000000100000101000101010101
101010101010101010101010101010101
101010101010101000101010101010101
101010101010101111101010101010101
101010101010100000001010001010101
101010101010111111111010101010101
101010101010000010000010101010001
101010101011111111111110101010101
101010101000000010000000101010101
101010101111111111111111111010101
100010100000100000000000001010101
101110111111111111111011111010101
100010000000000000000010000010101
101011111111111011111110111110101
101010000000000000000000000000101
101011111111111111101111101111101
101000000000000000000000000000001
111111111111111111111111111111111
