111111111111111111111111111111111
101000000000000000000000000000101
101010111111101111101111111110101
101010100000000000000000000000001
101110101111111111111111111111101
100000101000001000100010000010001
101111101110101010101010111010101
101000001000100010001000001010101
101011111010101010101010101010101
101010100010001000100010101010101
101010101110101111111111101010101
101010000000101000000000001010001
101010111011111011101010101010101
100010000000101000001010101010101
101011101111101111101010101010101
101010000010101000101010101010101
101010111110101010101010101010101
101010001000001000100000001010001
101010111110101110101010101010101
100010100000100000101010101010101
101010101110111111101010101011101
101010100000000000101010101010001
101010101110111011101010111010101
101010100000000000100000001010101
101010101110111011111111101010111
100010100000000000000000001010001
101010111111111111111111111011101
101010100000000000000000001000101
101010101110111111111111101010101
101000100000001000000000001010101
101011101110111011111111111010101
101000000000001000000000000000001
111111111111111111111111111111111
