111111111111111111111111111111111
101000000000000010000000000000001
101010111010111010111111111111101
101010101010101010100000000000101
101010101010101010111111111110101
101010101010101010000000000000101
101010101010101010111111111110101
101010101010101010000000000010101
101011101011101010111111111110101
101000000000000010100000000000001
101111101111111110111110111010101
100000000000100000000000001010101
111111101111111111111111101010101
100000000010000000000000001000101
101110111010101111101011111111101
101010101010101000101010000000001
101010101010101010101010111111101
101010101010101000101010100000101
101011101010101011101010101110101
100000001010100000001010100010101
101111111010111011111010111110101
101000000010000000000010000000101
101111111111111111111111111111101
100000000000001000000010000000001
101110101111111011111010111111101
101010101000000010001010100000001
101010101111111010101010101111111
101010100000000010101010101000001
101010101111111010101010101011101
101010101000000010000010001010001
101011101111111010111110101011101
100000000000000010000000100000001
111111111111111111111111111111111
