111111111111111111111111111111111
101000000000001000000000000000001
101010111111101011111110111111101
101010001000001000001000100000001
101010101110111110111011101110111
100010100010000000100010000000001
111010111011111111101110111011101
100010001000000000001000000000001
101010101111111111111011101110111
101000100000100000000000000000001
101011111110101111101110111011101
101010000010100000000000001010001
101010111010111111111111101010111
101000001010100000001000001010001
101111111010101111101010111011101
101000001010101000101010100010001
101010101010101010101010101110111
101010101010101000101000101000001
101010101010101110101111101111101
101010101010100010000000001000101
101010101010101011111011111010101
101010101010101000000010000010101
101010101010101111111110111010101
101010101010101000000000001010101
101010101010101011111111101010111
101010100010101010000000001010001
101010111110101011111011111010101
101010000000101000000000000010101
101011111111101011111111111110101
101000000000000000000000000000101
101111111111111111111111111111101
100000000000000000000000000000001
111111111111111111111111111111111
