111111111111111111111111111111111
101000001000000010000000100000001
101010101010111110111110101111101
101010100010000000100000000010001
101110101111101011111111111010101
100000101000101000100000000010101
101111101010111010101111101111101
101000000010000010100000001010001
101111111111111111111111111010101
101010000000000000001000100010101
101011101111111011101010111010101
101000000010001000100010000010001
101011111110101010101010111110101
101010000000101010001010101000101
101011111110101111111110101010101
101000000000101000100000000010001
101111111111101010101111101110111
100000000000100000100000001000101
101111111111111111111111101011101
100010000000001000101000001000001
111010111011101010101011111111101
101010000000101010101000001000001
101011111110111010101011111011111
100010001000101000000000100010001
101110111111101111111110101110101
101010101010000010000010101000101
101010101010101010101010101010101
100010100000101010101010101010101
101110101111101010101010101010101
100000100010001010101010000010001
111110101010101010101010101111101
100000001000101000100000100000001
111111111111111111111111111111111
