111111111111111111111111111111111
101000000000000000000000000000001
101011111111111110111111111111101
100010000000000000000000000000101
101010111111111111111111111110101
101010100000000000000000000010101
101010101111111111111111111010101
101010101000000000000000001010101
101010101011111110111111101010101
101010101010000000000000101010101
101010101010111111111110101010101
101010101010100000000010101010101
101010101010101111111010101010101
101010101010101000001000101010101
101010101010101011101010101010101
101010100010101000101010101010101
101010101010101010101010101010101
100010101010101000101010101000001
101010101010101111101010101010101
101010101010100000001010101010101
101010101010111110111010101010101
101010101010000000000010101010101
101010101011111111111110101010101
101010101000000000000000101010101
101010101111111111111111101010101
101010100000000000000000001010101
101010111111111111111011111010101
101010000000000000000000000010101
101011111111111111111111111010101
101000000000000000000000000000101
101111111111111011111111111111101
100000000000000000000000000000001
111111111111111111111111111111111
