111111111111111111111111111111111
101000000000000010000000000000001
101010111111111010111111111011101
100010100000000000000000100000101
111011101011111111111111101110101
100010001010000000000000000010101
101110111010111111111110111010101
101000100010000000000000001010101
101011101110111111111011101010101
101010001000100000000000101010101
101010111010101111101110101010101
101010100010001000000010101010101
101010101110111011111010101010101
101010001000100000001010101010101
101010101011101111101010101010101
100010101010001000101010101010001
111010101010101010101010101010111
100010101010101000100010101010001
101010101010101011101110101010101
101010101000100010001000100010101
101010101010111110101011101010101
101010100010000000100010001000001
101010101011111111101110111111101
101010101000000000000000000000001
101010101111111111111011101110101
101010100000000000000010001000101
101010111111111111111110111011101
101010000000000000000000100010001
101010111111111111111111101110111
101000000000000000000000001000101
101111111111111010111111101011101
100000000000000010000000000000001
111111111111111111111111111111111
