111111111111111111111111111111111
101000000000000000000000000000001
101011111111111111111111111111101
101010000000000000000000000000101
101010111111111111111111111110101
101010101000000000000000000010101
101010111011111111111110111010101
101010100010000000000010001010101
101010101110111111111011101010101
101010001000100000001000100010101
101010111011101111101110111010101
100010100010001000100010001010101
101010101110111010111011101010101
101010101000100010001000101010001
101010101010101111101110101010101
101010001010001000100010001010101
101010111010111010111011101010101
101010001010001000000010001010101
101010101011101111101110101010101
101010101000000010001000101000101
101010101110111010111011101010101
100010100010001000100010001010001
101010111011101111101110111010101
101010001000100000001000100010101
101010101110111111111011101010101
101010100010000000000010001010101
101010111011111111111110111010101
101010000000000000000000000010101
101011111111111111111111111110101
101000000000000000000000000000101
101111111110111111111011111111101
100000000000000000000000000000001
111111111111111111111111111111111
