111111111111111111111111111111111
101000000000000000000000000000001
101011111111111110111111111111111
101010000000000000000000000000101
101010111111111111111111111110101
101010000000000000000000000000101
101010111111111110111111111110101
100010000000000000000000000010101
101010111011111111111011111010101
101010101010000000000000000010101
101010101010111111111111111110101
101010101010100000000000001000101
101010101010101111111010101010101
101010001010100000000010101010101
101010101010101111111011101011101
100010101010101000101010001000101
101010101010101010101011101011101
101010101010101000001010000000001
101010101010101111101010101010101
101010100010100000001010101010101
101010101010101111101010101010101
101010101010101000101010101010101
101010101010101110111010101010101
100010101010100000000010101010101
101010101010101111111110101010101
101010101010100000000010101010101
101010101010111111111010101010101
101010101010000000000010101010101
101010101010111111111111111010101
101010101000100000000000000000101
101010111111111111111111111111101
101000000000000000000000000000001
111111111111111111111111111111111
