111111111111111111111111111111111
101000000000100010001010000000001
101011101110101010101010111111101
101000101000101010101000100010101
101111101110101010101011101010101
100000000010101010100010001010001
111110111010101010101010101010101
100010101010001000101010101010101
101110101010101111111110111010101
100000101010101000000010100010001
101111101110111011111010101010111
100000000000100000001010101010101
111111101111101111111010101010101
100000000010000000001010100000001
101111111110101111101010101111101
100000001000101000101010100000101
111111101010101010101010111110101
100000001010101000101010100000001
101111111010101110101010101111111
100000001010100000001000100000001
111110111011111111111011111110111
100000001000000000000010000000001
111011111111111111101111101111111
100010000000000000001010000000001
101110111111111111111010111111101
101000001000001010001000100000101
101011111011101010101010101110101
101000000000001010101010101010101
101111111111101010101010101010101
101000000000001000100010101000101
101110111011101110101010101111101
100000000000000000101010100000001
111111111111111111111111111111111
