111111111111111111111111111111111
101000000000000000000000000000001
101011111111111111111111111111101
101010000000000000000000000000001
101010111111111111111111101111111
100010100000000000000000101000001
111010101111111111111110101011101
100010100010000000100010101010101
101010111010111110101010101010101
101000100010100000001010101010101
101111101110101111111010101010101
101000001000100000000010101010101
101011111011111010111110101010101
101010000000100010001000101010101
101010111111101111101011101010101
101000100000101000101000101010101
101111101110101010101010101010101
100000001000100000101010101010101
101111111011101111101110101010101
101000001000101000100010101010101
101011101110101011101010101010101
101000100010101000001010101010101
101010111010101111101010101010101
101010001000100000001010101010101
101111101111111111111010101010101
101000100000000000001010101010101
101010111111111111101010101010101
101010000000000000001010001010101
101011111111111111111011111010101
101000000000000000000000000010101
101111111111111111111111111110101
100000000000000000000000000000001
111111111111111111111111111111111
