111111111111111111111111111111111
101000100010100000001010101010101
101010101110101111101010101010101
101010101010001000000000000000001
101110101010111011101010101011101
100000001010100000101010101000101
111110101011101111111111111110101
101010101010001000000000001010101
101010101010111111111110101010101
100010101010000010000000100000001
101010101010111111111110111111111
101010101010000010000000000000001
101010101010111010111111111111111
100010100010100010000000000000001
101010101110101111111111111111101
101010101000101000001000000000001
101010111011101010101011101111111
100010100010001000100010101000101
101010101110111111111110101110101
101010001000101000100000100010101
101010111011101010101111111010101
101010100000101010100000000010001
101010101110101010111110111110101
101000101000000010001000000000101
101111101010111111111011111111101
101000101010100010100010000000101
101010101110101010101010111110101
100010101000001010001010001000101
101010101111101010111010111011101
101010100000101000100010001000101
101010101010111111111111101110101
100010001010000000000000001000001
111111111111111111111111111111111
