111111111111111111111111111111111
101000000000000000001000000000001
101011111111111110101011111111101
101010000000000000100000000000101
101010111111111111111111111110101
100010100000100000001000000010101
111010101110101111101011111010101
100010001000100000101010001010101
101010111011101110101011101010101
101000100010001000101010101010101
101011101110101110101010101010101
101010001000100000101010101010101
101010111011111111101010101010101
101010100000100000001010101010101
101010101110101111101010101010101
101010000010101000101010101010101
101011111010101010101010101010101
101010001010101000101010100010101
101010101010101011111010111010101
101000101010100000000000001010101
101111101110111111111111101010101
101000001000000010100010101010101
101011101111101110111010101010101
101010101000000000000010101010101
101010101011101110111010101010101
101010100000000000000000101010101
101010101011101110111010101010101
100010001000000000000010101010101
111011101011101110111010101010101
100000001010000010000010001000101
101111111010111111111010101111101
100000000010000000000000100000001
111111111111111111111111111111111
