111111111111111111111111111111111
101000000000100010000000000000001
101111101110101010111011101110101
101000100010001000100000100000101
101010111011101111101110101011101
100010001010000000100010101010101
111010101011111010111010111010101
100000100000001010100010100010001
101110101011101110101110101110101
100000001000000010100010001000101
101011101010111110111011111011101
101000000010000000100000100010001
101110111010101111101111101110101
101010000000100000000010000010101
111010101110101111101111111010101
101000100000001000100000001000101
101111111111101010111111101011101
100000000000001000100000001000101
101111111111111011111111111110111
101000000000001010001000100010001
101111111011111010101010101011101
100000000000001000100010001000101
101111111111111111111111111110101
101000000000000000000000000000001
101111111111111111111111111111101
100000000000000000000000000000001
101111111111111111111111111111101
101000000000000000000000000000001
101111111011111110111010111110101
100010000000000010000010001000101
111010111011101110101111101011101
100000000000000000100000000000001
111111111111111111111111111111111
