111111111111111111111111111111111
101000000010000000000000000000001
101011111010111111111010111111111
101010001000000000001010000000101
101010101111111111101011111110101
101010100000000000001010000000101
101010101111111111111010111111101
101010101000000000000010000000001
101010101011111111111111111110101
100010101000000000000000000000101
111010101111111111111011111111101
100010100000000000000010000000101
101010111111101111111110111110101
101010000000100000000000000010101
101011111110111111101111111010101
101000000000101000101000000010101
101111111111101010101011111110101
100000000000101000101010001000101
101111111110101011101010101010101
100010001000001010001000100010001
101010111011111011111111111111101
101000100000001000000000000000001
101010101111101111111111111111101
100010001000100000000000000000101
101010101011101111111111111110101
101000100010000000000000000000101
101110101010111111101111111111101
100000001000100000100000000000101
101011101110101110111111111110101
101000100000001010000000000000101
101010101011101010111111111111101
100010001000100000000000000000001
111111111111111111111111111111111
