111111111111111111111111111111111
101000101000000010101010000000001
101110101110111010101010101111101
101010100010001000100010101000101
101010101011101110101010101010101
100000101000100010001010101010101
111110101110111011101010101010101
100000000010001000101010101010101
111011101111101110101010101010101
101000100000100010101010101010101
101110111010111010101010101010101
100010001010101000101010101010101
101011101110101111111010101010101
101000100010000000001000101000101
101110111011101111101111101010101
100010001000101000101000000010101
111011101110101010111111111110101
100000100000101000100000000010101
111110111111101110101111111110101
100000000000100010000000000000101
111011111111111110111011111111101
100000000000001010100000000000001
111111111111101010101111111011101
100000000000001010100010001010101
101111111111111010101010101110101
100000000000000010001010000000101
101111111011111110101010111011101
101000000000000010101010000010001
101011111111111111101011111110111
101000000000000000001010101010001
101111111111111111111010101010101
100000000000000000000000000000101
111111111111111111111111111111111
