111111111111111111111111111111111
101000000000100000000010000000001
101111101110101011111011111010101
101000000010101000001000001010101
101011111010111011111011111010101
101000001010000010000010000010101
101111101010111011111011111010101
100000001000101000001000001010001
111111101010101011111011111010101
101000001010001010000010000010101
101011111010101011111011111010101
101000000000101000001000000010101
101111111110111111111111111110101
100000000000100000001010000000001
111110111111101111101011111011101
100000000000101000101000001000001
101011101110101010101110111011101
101010101010101000101000100000101
101010101010101110101010101110101
101010101010100000000010101010101
101110111011111011111110101110101
100000000000100010000010100000101
111011101110111011101110111111101
101010101010101000000000000000001
101010101010101011111110111111101
101010101010101010000010100000001
101110111010101110111010101011101
100000000000100000101010101010101
101111111111101110111010101010101
100000000000001010000010101010101
101111101111101011111110101011101
100000000000000000000000000000001
111111111111111111111111111111111
