111111111111111111111111111111111
101000000000001000000000000000001
101011111111111110111111111111101
101010000000000000100000000000001
101010111111111111111111111010101
101010100010100000001000000010101
101010101110101111101111101110101
101010101010000000100000000010101
101010101010101111111111111010101
101010001000100000000000100010101
101010111011101111111011101010101
101010000000101000000010001000101
101010111110111110111110111010101
101010000010000010001000100010001
101011111010101111101010101011101
101010000000101000101010001010101
101010111111101010101111101010101
101010000010001000101000101010101
101010111110101011101011111010101
101010000010101000100000001010101
101011111110101110101010101110101
101010000000000010101010101010101
101010111111111110101010101010101
100010001010100010100010100010101
101011101010101010111110111010101
101010000010101010100010101010101
101010111010101010101011101010101
101010100000001000001000000010101
101011111111111111111111111110101
101000000000000000000000000000101
101111111110111111111111111110101
100000000000000000000000000010001
111111111111111111111111111111111
