111111111111111111111111111111111
101000101000100000000000100000001
101010101010101010101111101010101
100010001010101010101010101010101
111011101010101010101010101010101
100000100010101010101010101010101
101110111010101010101010101010101
100010001000101010101010001000001
111011101110101010101010101111101
100000100010001010100010101000101
111110111011101010101010111010101
100000001000101010101010100010101
101111101110101111111010101110101
100000000010101000001000100010101
111111111011101011101111111010101
100000000000001000101000000010101
101111111111111010101111101110101
100000000000001000100000100010101
101111111111111111111011111010101
100000100000000000000000000010101
101111101111111111111111111010101
100000100000000010001000101010101
101110111111111010101010101110101
101000000000001000100010100000101
101111111011111011111110101111101
101000000000001010000000000000101
101111111111101110111111101110101
101000000000000010000000001010001
111111101111111110111111101010101
100000000000000010000000000010101
101111111111111111111111111011101
100000000000000000000000000000001
111111111111111111111111111111111
