111111111111111111111111111111111
101000100000000000000000000000001
101010111110111111111110111111101
101010100000000010000000100000001
101010101111111010111110101111111
100010101000001010000010101000001
101010101011101011111010101011101
101000101010101000001010101000101
101111101010101011101010101111101
100010001010101000101010100000001
111010111010101110101010111111101
100010100010100010101010000000101
101110101110111010101011111110101
101000101000001000101000100010101
101011101011111111101110101010101
101010001000100000100010001010101
101010101010101010101011111010101
101000100010101000101000100010101
101110111010101111101110101110101
101010001010101000000010100000101
101011101110101011111110101111101
100010100000101000000000100000001
111010111011101111101111111111101
101000101000100000001000000000001
101010101110101111111011111111101
100010001010001000001010000000101
101011101011111011101010111110101
101000100010001010001010100010001
101110101010101010111010101011101
100000101000101010000010001000101
101111111011111011111110111110101
100000000000000000000000000010001
111111111111111111111111111111111
