111111111111111111111111111111111
101000000000001000100000000000001
101111111110101010101111111111101
101000000000100010001000000000101
101010111111111111111111111110101
100010100000000000000000000000101
101111101011111111111111111110101
101010101010000000000000001010101
101010101010101011111111101010101
101000001010101000000000101010101
101010101010111111111110101010101
101010101010001000000000101000101
101010101011101011111110101010101
101010101010001000001010101010001
101010101010111111101010101011101
101010101010001000100010101010001
101010101011101010111110101010111
101010101010001000001010101010101
101010101010111111101010101010101
101010101010000000001010100010101
101010101010111110101010101010101
101010101010000000101010101010101
101010101111111111111011111010101
101010101010000000001000000010101
101010101010111110101010111010101
101010100010101010100010100010101
101010101010101011111011111110101
100010101000001000000000000010101
101010101010101011111011101110101
101010001010100000100000100010101
101111111011111011111011111010101
100000001000000000000000000000001
111111111111111111111111111111111
