111111111111111111111111111111111
101000000000000000000000000000001
101011111111111111111111111111101
101010000000000000000000001000101
101010111111111111111111101010101
101010000000001000000000001010101
101011111111101011111111111010101
100000100000001000000000000010101
101110101111101111111111111010101
100000101000001000000000000010101
111011101011101111111111111110101
100000001000001000000000000010101
101111111111111011111111111010101
101000000000000000001000000010101
101011111011111111101110111110101
101010001000100000100010000000101
101010101110101010111011111111101
101010100000101000100010000000001
101010111111101111101111101111101
101010100000000010000000100000101
101010101111111111111011111110101
101010100000000000100000000000101
101010111111111110111110111111101
101010000000000000100000000000001
101011111111111111111111101111111
101000000000000000001010000000001
101111111111111111101010111111101
101000100010001000101010100000101
101010101010101010101010101110101
101010001000100010001010101000101
101011111111111111111010101111101
100000000000000000000000100000001
111111111111111111111111111111111
