111111111111111111111111111111111
101000000000000010000000000010001
101111111111111010111111111010111
101000000000000000000000001000001
101011111111111111111111101111101
101000000000000000000000100010001
101010111111111111101110111011101
101010100000000000000010001000101
101010101110111111111011101110101
101010101000000000001000100000101
101010101011101111101110111110101
101010101010000000100000000010101
101010101010111110111011101010101
101010101010100000001000101010101
101010101010101111101110101010101
100010101010100000100010101010001
111010101010111010101010101010111
100010101010001000101010101010001
101010101011101111101010101010101
101010101000000000001000101010101
101010101010111011111010101010101
101010100010001000000010001010101
101010111011101111111110101010101
101010001000100000000000100010101
101011101010111111111111101011101
100000100010000000000000001000101
101110111011101111111111111010101
100010001010000000000000000010001
101011101010111111111111111110101
101000100010000000000000000000101
101110111010111010111111111111101
100010000000000010000000000000001
111111111111111111111111111111111
