111111111111111111111111111111111
101000000000000000000000000000001
101011111111111111111111111111101
100010000000000000000000000000101
101011111011101111111111111110101
101000000010101000000000000010101
101011101011101011111110111010101
101000001000000000000010101010101
101111111011111011111010111010101
100000000000001000101010000010101
111110111111101110111011111010101
100000000000000010001000001010101
111111101111111011101111101010101
100000000000000000100010101010101
111111111010111111111011101010101
100000001010100000101000101010101
101111101010101010101110101010101
100010101000101000101010000010101
101011101111101111101011101110101
101000100000100010000000101000101
101110111110101110111010101011101
100010001010101000000010101000001
101011101110101110111011101111101
101000100010001000001000000000001
101110111011101110111011111110101
100010001000001000001000000000101
101011101111111110111110111011101
101000100010000000001000000000001
101110111011101110111011101111101
101010001000101000001000000000001
101111101110101110111110111110111
100000000000000000000000000000101
111111111111111111111111111111111
