111111111111111111111111111111111
101000001010001000000000000000001
101110101010111011111111111110111
100010100010000000000000000010101
101010111010111011111011111010101
101010001000101000000000001010101
101011101110101111111011101010101
101000101010100000000000101010001
101110101010101011111111101010101
101000000010101010000010000000101
101111101010101010111010101011111
100000001010101000100010101010001
101111101010101111101110101011101
101000001000100000001010101000101
101111111011111111101010101010101
101000001010101000101010101010001
101011101010101010101011101011111
101010001010101000001010001000001
101010101010101111101010111011111
101010101010100000001010100000001
101010101010111111111010101010111
101010100010000000001010101010101
101010111111111110111010101010101
101010000000101010100000101010101
101011111110101010111011101010101
101000000010101000000010101010101
101111101110101111111010101010101
100000000010100000000010101010101
101111111010101111111010101010101
101000000000000000000010101010101
101111111011111111111110111011101
100000001010000000000000000000001
111111111111111111111111111111111
