111111111111111111111111111111111
101000000000000000000000000000001
101110111011101111111111111111101
101000000000101000000000000000101
101011101110101011111111111110101
100000000000001010000000000010101
101110111011101011111111111010101
100000000000001010000000001010101
101110111011101010111111101010101
100000000000001010100000101010101
101011101111111010101110101010101
101000000010000010100010001010101
101110111010111110111011111010101
100000000010100000101000001010101
101010111010101110101110101010101
101010001010101000100000101010101
101010101010101010101110101010101
101010101010101000100010001010101
101010111010101111111011101010101
101010001010001010001000101010101
101010101011111010101110111010101
101010101010000010100010001010101
101011101010111010111011101010101
101010001010001010001000101010101
101010101011101011101110101010101
101010101000001000100010001010101
101010111111111011101111111010101
101010000000000000000000000010101
101011111111111111111111111110101
101000000000000000000000000000101
101111111111111111111111111111101
100000000000000000000000000000001
111111111111111111111111111111111
