111111111111111111111111111111111
101000000000000000000000001000001
101011101110111111111011111011101
100010000010000000000000100010001
101111111010111011101111101110111
101000100000100000000010001000101
101110111110111110111110111011101
101000000010001000001000100010001
101011101010101110111011101110101
101010101010100010100010001000101
101010101010111011101110111010101
101010001010101000001000100010101
101010101010101110111011101010101
101000101010000000100010001000101
101010101010111111101110111110101
101010101010001000100000000000101
101010101011101010111111111111101
101000001010101000000000000000101
101010101010101111111111111010101
101010101010001000001000001010001
101010101010111011101011101011111
101010101010101000100010101000001
101010101010101110111111101111101
101010001010001000100000001000001
101010101011101011101111111110101
101000101000101010000000000000101
101010101011101011101110111011101
101010101010001000100000000000001
101010101010111110111011111111111
101010101010000000100000000000101
101010101011111111111111111110101
100000001000000000000000000000001
111111111111111111111111111111111
