111111111111111111111111111111111
101000001000000000000000000010101
101111101011111110111011111010101
101000000000000010100010000000101
101011111111101010111110111110101
101000000000001010000000000010101
101011111111111011111010111110101
101010000000001000001010000010001
101010111010101111101010111010111
100010100010100000100010000010001
101010101110111110111110111010101
101010001000000010000000001010101
101010111110111011111011111010101
101010100000100000001010001010101
101010101111101111101010101010101
101010100010001000101010100000101
101010111010111010101010101011101
100010001010001000101010101000001
101111101011101011101010101110111
101000001000100010001010100000001
101011101110111110111010101111101
101010100010000000100010000000101
101110101011111111101010101110101
100010001000001000001010100010101
111010111011101011111011111010101
100010000000100000000000000000101
101110111111101111111111111011101
101010100000001000000000000000101
101010111111101011111111101010101
101010000000101010000000001010101
101011111111101011111111111010101
100000000000000000000000000010001
111111111111111111111111111111111
