111111111111111111111111111111111
101000000000000000000000000000001
101011111111111111111111111111101
101000001000000000000010000000101
101111101011101110111011101110101
100000001000000000100010001000101
111010111110111011101110111011101
100010001010100010001000100010101
101111101010101110111011101110101
100000100010001000100010001000101
111011111011111011101110111010101
100010001000100010001000100010001
101110101110101110111011101010111
100010100010001000100010001000001
111010101011101110101110101011101
100010101000101000101000100000001
101110101010111010101010101110101
100010101010001000101010000000101
111010101011101111101010111010101
100010101010001000001000000010001
101110101010111011111011101010101
100000101010001010000000001000101
111010101011101010111111111111111
100010101010001010000000100000001
101110101010111011111011101111101
100000101010001000100000001000001
101010101011101010111111111011101
101010101010001010000000000010001
101010101010111111101111111110101
100000101010000000100010000000101
111111101111101110111110111110101
100000000000000000000000001000001
111111111111111111111111111111111
