111111111111111111111111111111111
101000000000000010000000000010001
101011101111101111101111101111101
101010001000100000001000100000001
101110111010111111111010111111101
100000100010000010000010000000101
101110101111101111101111101110101
101000000000100000001000000000101
101011101110111111101010111011101
100010000000100010001010000000001
101010111110101010101011111011101
101010101010001000100010001000101
111010101011111111111110101110101
100000100000000000000010101000101
101010101111111111101110101011101
101010100000000000100010101000101
101010101011111010111010101110101
100000101010101000100010101000101
101110101010101111101110101011101
100010100000000000100000101000101
101011101010101011111111101110101
101000101010101000000000100010101
101110111111111111111110111010101
100010001000000000000000001010101
101011101110111111111111111010101
101000100010000000000000001010101
101010111011111111111111101010101
100010001000100000000000001000101
101011101110111011111111111110101
101000000010001000000000000010101
101110111011101111111111111010101
100000001000000000000000000010001
111111111111111111111111111111111
