111111111111111111111111111111111
101000000000001000001000100000001
101011111111101110101110111110111
100010000010100010100000000010001
101110101110101010101111101110101
100000100010101000101000100000101
101110111010101110101110101011101
100010100010101000100010101000001
101110101110101011111010101110111
100000100010101000000010101000001
101011111010111111111110111111101
101000100010100000100010100000101
101110101110111111111110111110101
100000000010100000101010000000101
101111101010111110101010101111101
101010001010100000001000101010001
101010101011101010111111101011101
100010100010100010000000101000001
101011101111111110101111101011111
101000100000001000100000000000001
111011111111101111101110101110101
100010001000100000101000100010101
111011101110111110111011111010101
100000000000100010001000100010001
101111111011101010111110111010111
100010000000001010000010001010001
101111101110111010101110101010111
100010001000001000100010101000001
101110101111111111111010101010101
100000100010001000100000100010101
101110101010101010101111111011101
100010101000100010001000000010001
111111111111111111111111111111111
