111111111111111111111111111111111
101000000000000000000000000000001
101110111110111111101110111011101
100000000010000000000000001000101
101111111011111111111111101110101
101010000000000010000000100010001
101010111111111110111110111011101
101010100000001000001010101000101
101010101111101011101110111110101
101000101000001000100010000010101
101110101011111110111011111010101
100010101010000000001000101010101
101010101010111111111110111010101
101010001010100000000010001010101
111010101010101011101011101010101
101010101010101000101000101000001
1010111110101010G0101010101110101
101000001000101000100010100010101
101111101110101111101010111011101
100000100010100000001000001000101
101010111011101111111010111010111
101010101000100000000010001010001
101010111110111011111010101111101
101010000010001000000000100010001
101011111011101111101111101010101
101000101010100000100000001000101
101110111011111011111011111010101
100010001000000010000000000010001
101011101111111111111110111110101
101000100000001000000010000000101
101110111111101011111011111011101
100000000000000000100000000000001
111111111111111111111111111111111
