111111111111111111111111111111111
101000000000000000100000000000101
101011111111111010101111101110101
100000000000000010000000101010001
111111111110111110111111111011101
100000000000100010001000001000101
101111111111101010111011101010101
100000001000101000100000101010101
111111101010101011101110101010101
100000000010001010000000101010101
101011111110101110111110101010101
101000000010101000000000101010101
101011101010111011111110101010101
101010001010100000000000101010001
101011111011101111101110101011111
101010000010001000101000101000101
111010111111101010111011101110101
101010100000101000100010100010001
101110101110101011101110111011101
100000101000100000100000101000101
111011101011111010111010101110101
101010001010000010000010101000101
111010111010111011101110101010101
100010100010100000100010001010101
101110101110101111111010101010101
101010100010101000001000101010101
101010101111101011101110101010101
101000100000101010100010101010101
101110111110101011101111101010101
101000000010000000100010001010101
101111111011111110111010101010101
100000000000001000100000100010001
111111111111111111111111111111111
