111111111111111111111111111111111
101000000000000000000000000000001
101011111111111110111111111111101
100010000000000000000010000000001
101110111110111111111111101111111
101000100000100000001000000000001
101010111011101111101111111111101
101010100010001000100010000000001
101011101110111010111011101111111
101010101000100010001000100000001
101010111011101111101110111111101
101000000010001000100010001000101
101111101110111010111011101010101
101000101000100010001000101010101
101010101011101111101110101010101
101010101010001000100010101010101
101010101010111010111010101010101
101010101010100000001010001010101
101010111010101111101011111010101
101010101010100000001010101010101
101010101010111010111010101010101
101010001000100010001000001010001
101010101110111010111011101011111
101010100010001010100010001010001
101010111011101010101110111010101
101010001000101000001000100010101
101011101110101010111011101110101
101000101010100010001000000010101
101010111010111010111111111110101
101010100000001000000000000000101
101110101111111111111111111111101
100000100000000000000000000000001
111111111111111111111111111111111
