111111111111111111111111111111111
101000000000000000000000000000001
101011111111101111111111101110101
101010000000000000100000100010101
101010111111111111101110111010101
101010100000000000000010001000101
101010101011111111111011101110101
101010101010000000001000100010001
101010101010111111101110111011101
101010101010100010000010001000101
101010101010101010101011101110101
100010101010101010101010000010001
111010101010101010101110111010111
101010101000101000100000100010001
111010101111101111111110101111101
101010101010001000101010100010001
101010101010111010111011111010111
101010001000001000001000100010001
101011111111101111101010101111101
100010100000000000101010100010001
101010111011111111101010111010111
101010001000000000000010000010001
101110111011111111111011111111101
101000100010100000001010000010001
101010111111101111101010111011101
101010101000001000001010101010001
101010111011111011111010111010111
101010100010000010001010101010001
101010101110111110101010111011101
101010101000100010101010001010101
101010101011101010101011101010101
100010001000001000100000001000001
111111111111111111111111111111111
