111111111111111111111111111111111
101000100010000010100010001000101
101010101010111010101010101010101
101010101000100000001000100010001
101010101011101110111111111010111
101010001010001010101000100000101
101011101110111010101010101110101
101000000000100010101010100010101
101011111111101010101010111010101
101010000000001010101010100000001
101011101111111110101010101110101
101000100000101010101010100000101
101110111011101010101010111011101
100010001000100000101010100000001
101011101110101110101010101110111
101000100010001000100010100000101
101110111011101010101010111010101
100010001000101000101010100010001
101111101110111111101010101110101
100000100010001000101010100000101
101111111011101110101010111011101
100000001000100010001010100000001
101111111110111011101010101110111
100000000010001000100010100010101
101111111011101110111010111010101
101000101000100010001010100000001
101010101110111011101010101110101
101010100000001000101010100000101
101010101111101110101110111011101
100010000000100010001000001000001
101111111111101010111011101010111
101000000000001000000010000010001
111111111111111111111111111111111
