111111111111111111111111111111111
101000000000000010000000000000001
101111111111101010111111111111101
100000000000001010100000000000101
101111111111111010101011111110101
101010000000001010101010001000101
101010111111101010101010101010101
101010100000101010101010101010101
101010101110101010101110101010101
101010101010101010101000100010101
101010101110101010101011111111101
101010100000100010101010001000101
101010101011101010101010101010101
101010101000001010101000100010001
101011101111111110101111111111111
101000000000001000101000000000001
111111111111101010101011111111101
100000000000001000101000000000101
101111111111111111101111111110101
100000000000001010100000000010101
101111111111111010111111111010101
101010000000000010001000101010101
101011101111101010101010101010101
101010000000101010101010001010101
101010111010101010101011101010101
101010101010101010101010001010101
101010111010101010101010111010101
101010000010101010100010000010101
101011111110101010111111111110101
100000000000101010000000000000101
101111111111101011111111111111101
100010000000001000000000000000001
111111111111111111111111111111111
