111111111111111111111111111111111
101000000000100000000000000000001
101110101011101111111111101110111
101000101010001010000000001010101
101011101110111010111111101110111
100010000000000010000000000000001
101110111111111110111111111110111
101000100000000000000000001010101
101110101111111111111110111110111
100010100010001000100010001000001
111011111010101010101011101011101
101000100010100010001010001010101
101110101110111111101010111011101
100010100010100000001010001000001
101110111010101111101011101011101
101000100000101000101010001000001
101011101110101010101010111110111
100010100010101000001000001000001
101110111010101111101011101011101
101000100010100000001010001000001
101110101110101111111010111011101
100010100010000010001010001010101
111010111010101010101011101011101
101000100010001000100010001000001
101110101111111111111110111110111
100010100000000000000000001010101
101110111111111011111111111110111
100000100010000000000000000000001
101011101010111111111111101110111
101000101010000000000000001010101
111010101011111111111111101110111
100010001000000000000000000000001
111111111111111111111111111111111
