111111111111111111111111111111111
101000000010100000000000000010101
101010101010101010111111111011101
101010101010101010100000000000001
101010101010101010111011101110111
100010101010101010101010101010101
101010101010101010111011101110111
101010101000001010100000000000001
101010101011101010101110111011101
100010000000100010101010101010101
101010111010111010101110111011101
101000100010001000100000000000001
101011101110101010111011101110111
100010001000100010101010101010101
101010111010111111111011101110111
101000100010001000000000000000001
101010101111101010101110111011101
100000000000001000101010101010101
111111111111101111101110111011101
100000000000001010100000000000001
111111111111101010111011101110111
100000000000000000101010101010101
101011111111111111111011101110111
101000000000000000100000000000001
101011111111111111101110111011101
100000000000000000101010101010101
111111111111101010101110111011101
100000000000001010100000000000001
111111111111101010111011101110111
100000000000000000101010101010101
111011111111111111111111111110111
100000000000000000000000000000001
111111111111111111111111111111111
