111111111111111111111111111111111
101000000000000000000000000000001
101011111110111011111111111111101
101000000010100010000000000000101
101011111011101110111111111110101
100010000010001000100000000000101
111011111010111011101111111110101
100010001010100010000000000010101
101010111010101110111010111010101
101010000010001000100010001010101
101010111111111011101011101010101
101010100000000010001000100010101
101010111110111110111010111010101
101010100010100000100010001010101
101010101010101111101111101010101
101000101010101000100010001010101
1011101010101010A0111010111010101
101000101010101000100010100010001
101011101010101110101110101111101
100000101010100010001000100000101
101110101010111011111010101110101
101000101010000000000010101010101
101011101010111111111110101010101
101010000010000000000000001000101
101010101110111111111111111110101
101000100000000000000000000010101
101110111111111111101111111010101
101000001000000000101000000010101
101011101011111110101111111010101
101010001000000010100000000010101
101010111111111110101111111110101
100010000000000000000000000000001
111111111111111111111111111111111
