111111111111111111111111111111111
101000100010001000100010001000001
101010101010101010101010101010111
100010001000100010001000100010001
101111111111111111111111111111101
101000100010001000100010000010001
111010101010101010101010101110111
100010001000100010001000100010001
101111111111111111111111111011101
100010100010001000100000100010001
111010101010101010101011101110111
100010001000100010001000100010001
101110111111111111111110111011101
100010001000001000001000100010001
111011101110101011101011101110111
100010001000101000101000100010001
101110111011101010101110111011101
100010001000101000101000100010001
111011101110101111101011101110111
100010001000100000001000100010001
101110111011111111111110111011101
100010001000100010001000100010001
111011101110101010101010101110111
100010001000001000100010100010001
101110111111111111111111111011101
100010001000100010001000100010001
111011101010101010101010101010111
100010000010001000100010001010001
101111111111111111111111111111101
100010001000100010001000100010001
111010101010101010101010101010101
100000100010001000100010001000101
111111111111111111111111111111111
